%YAML:1.0
cameraMatrix: !!opencv-matrix
   rows: 3
   cols: 3
   dt: d
   data: [ 3.5739658439908186e+02, 0., 2.5205592316120209e+02, 0.,
       3.5781729191667796e+02, 2.1110423551531159e+02, 0., 0., 1. ]
distortionCoefficients: !!opencv-matrix
   rows: 1
   cols: 5
   dt: d
   data: [ 9.3613104037472694e-02, -2.6742383473912928e-01,
       1.0944194490575332e-03, 7.4846707347299001e-04,
       9.3731256044354672e-02 ]
rotation: !!opencv-matrix
   rows: 3
   cols: 3
   dt: d
   data: [ 1., 0., 0., 0., 1., 0., 0., 0., 1. ]
projection: !!opencv-matrix
   rows: 4
   cols: 4
   dt: d
   data: [ 3.5739658439908186e+02, 0., 2.5205592316120209e+02, 0., 0.,
       3.5781729191667796e+02, 2.1110423551531159e+02, 0., 0., 0., 1.,
       0., 0., 0., 0., 1. ]
