%YAML:1.0
cameraMatrix: !!opencv-matrix
   rows: 3
   cols: 3
   dt: d
   data: [ 1.0432193969812693e+03, 0., 9.6009746277350894e+02, 0.,
       1.0432035097088042e+03, 5.1668818019229730e+02, 0., 0., 1. ]
distortionCoefficients: !!opencv-matrix
   rows: 1
   cols: 5
   dt: d
   data: [ 3.6682908305175642e-02, -4.2805813879770144e-02,
       -3.5052831552710726e-03, 4.1047686014077083e-03,
       7.5865239547586181e-03 ]
rotation: !!opencv-matrix
   rows: 3
   cols: 3
   dt: d
   data: [ 1., 0., 0., 0., 1., 0., 0., 0., 1. ]
projection: !!opencv-matrix
   rows: 4
   cols: 4
   dt: d
   data: [ 1.0432193969812693e+03, 0., 9.6009746277350894e+02, 0., 0.,
       1.0432035097088042e+03, 5.1668818019229730e+02, 0., 0., 0., 1.,
       0., 0., 0., 0., 1. ]
