%YAML:1.0
rotation: !!opencv-matrix
   rows: 3
   cols: 3
   dt: d
   data: [ 9.9996662655163959e-01, -1.3903200820670693e-03,
       -8.0506392915840920e-03, 1.5133111990458100e-03,
       9.9988193601169095e-01, 1.5291302322813649e-02,
       8.0284289963005288e-03, -1.5302975121924646e-02,
       9.9985067049048337e-01 ]
translation: !!opencv-matrix
   rows: 3
   cols: 1
   dt: d
   data: [ -5.2564014224566184e-02, 1.5101653128475193e-03,
       3.8972020449606608e-03 ]
essential: !!opencv-matrix
   rows: 3
   cols: 3
   dt: d
   data: [ 6.2265754872890834e-06, -3.9198519479564861e-03,
       1.4503465059194818e-03, 4.3190784378519236e-03,
       -8.0980416025401125e-04, 5.2524789898193397e-02,
       -1.5896606248162746e-03, -5.2555708694243607e-02,
       -7.9161443660412097e-04 ]
fundamental: !!opencv-matrix
   rows: 3
   cols: 3
   dt: d
   data: [ 5.3284890274041134e-09, -3.3505303442785450e-06,
       1.1495532096284420e-03, 3.6961749843785214e-06,
       -6.9219826900805072e-07, 1.5279313912632823e-02,
       -3.3340573204710222e-03, -4.3289523072328799e-02, 1. ]
