%YAML:1.0
depthShift: -1.5558770611958472e+01
