%YAML:1.0
cameraMatrix: !!opencv-matrix
   rows: 3
   cols: 3
   dt: d
   data: [ 1.0487260459303573e+03, 0., 9.8813507560034077e+02, 0.,
       1.0469015885357674e+03, 5.1999984157825770e+02, 0., 0., 1. ]
distortionCoefficients: !!opencv-matrix
   rows: 1
   cols: 5
   dt: d
   data: [ 2.8941949894695278e-02, -3.4789290876806829e-02,
       -2.0059940564590615e-03, 4.9527267901510619e-03,
       5.7972594550042365e-03 ]
rotation: !!opencv-matrix
   rows: 3
   cols: 3
   dt: d
   data: [ 1., 0., 0., 0., 1., 0., 0., 0., 1. ]
projection: !!opencv-matrix
   rows: 4
   cols: 4
   dt: d
   data: [ 1.0487260459303573e+03, 0., 9.8813507560034077e+02, 0., 0.,
       1.0469015885357674e+03, 5.1999984157825770e+02, 0., 0., 0., 1.,
       0., 0., 0., 0., 1. ]
