%YAML:1.0
rotation: !!opencv-matrix
   rows: 3
   cols: 3
   dt: d
   data: [ 9.9988888352114491e-01, -2.7372519168887861e-05,
       -1.4907040671562058e-02, 2.0271496636847851e-04,
       9.9993081641236470e-01, 1.1761007420464516e-02,
       1.4905687420606313e-02, -1.1762722458980553e-02,
       9.9981971316976548e-01 ]
translation: !!opencv-matrix
   rows: 3
   cols: 1
   dt: d
   data: [ -5.3980990090251937e-02, 9.6021547718349275e-04,
       1.1613044148346347e-03 ]
essential: !!opencv-matrix
   rows: 3
   cols: 3
   dt: d
   data: [ 1.4077257973928707e-05, -1.1725188197878066e-03,
       9.4638425313848086e-04, 1.9657991397173218e-03,
       -6.3499519231996905e-04, 5.3953946416511640e-02,
       -9.7105153601140855e-04, -5.3977229208176832e-02,
       -6.2055685384363683e-04 ]
fundamental: !!opencv-matrix
   rows: 3
   cols: 3
   dt: d
   data: [ 1.2290628332115118e-08, -1.0231318994111102e-06,
       5.0523958784008921e-04, 1.7192987701338443e-06,
       -5.5505808855721840e-07, 1.6692988197980776e-02,
       -1.7952998291643786e-03, -4.8095542845577391e-02, 1. ]
