%YAML:1.0
cameraMatrix: !!opencv-matrix
   rows: 3
   cols: 3
   dt: d
   data: [ 3.6058302263965049e+02, 0., 2.5388800451843727e+02, 0.,
       3.6078584334164520e+02, 2.0566267402142626e+02, 0., 0., 1. ]
distortionCoefficients: !!opencv-matrix
   rows: 1
   cols: 5
   dt: d
   data: [ 9.6261443395364465e-02, -2.6626053880283712e-01,
       -6.3968705017000747e-04, 1.2989737697483676e-03,
       8.9337493104977003e-02 ]
rotation: !!opencv-matrix
   rows: 3
   cols: 3
   dt: d
   data: [ 1., 0., 0., 0., 1., 0., 0., 0., 1. ]
projection: !!opencv-matrix
   rows: 4
   cols: 4
   dt: d
   data: [ 3.6058302263965049e+02, 0., 2.5388800451843727e+02, 0., 0.,
       3.6078584334164520e+02, 2.0566267402142626e+02, 0., 0., 0., 1.,
       0., 0., 0., 0., 1. ]
