%YAML:1.0
depthShift: -1.3202130818866081e+01
