%YAML:1.0
rotation: !!opencv-matrix
   rows: 3
   cols: 3
   dt: d
   data: [ 9.9998460423160984e-01, -1.3677070139841291e-03,
       -5.3777948337957737e-03, 1.3744792919431611e-03,
       9.9999826687276772e-01, 1.2558097534731436e-03,
       5.3760679335850409e-03, -1.2631820869524189e-03,
       9.9998475101602857e-01 ]
translation: !!opencv-matrix
   rows: 3
   cols: 1
   dt: d
   data: [ -5.1990084479529824e-02, -2.7221454107140353e-03,
       9.4145411211321913e-03 ]
essential: !!opencv-matrix
   rows: 3
   cols: 3
   dt: d
   data: [ -2.7574530467238956e-05, -9.4110862392137000e-03,
       -2.7339267733266911e-03, 9.6938984030723683e-03,
       -7.8549277338499547e-05, 5.1938662212961138e-02,
       2.6506442066902784e-03, -5.1993717471469920e-02,
       -7.9928794699865075e-05 ]
fundamental: !!opencv-matrix
   rows: 3
   cols: 3
   dt: d
   data: [ -2.8530001622136172e-08, -9.7310703810002887e-06,
       1.0254686551039620e-03, 1.0021279165698177e-05,
       -8.1151038310238776e-08, 1.6848159966632227e-02,
       -2.5106282780417324e-03, -4.7310724402264616e-02, 1. ]
