%YAML:1.0
cameraMatrix: !!opencv-matrix
   rows: 3
   cols: 3
   dt: d
   data: [ 1.0528956797715402e+03, 0., 9.5062915972535814e+02, 0.,
       1.0537905924488750e+03, 5.4137858786952802e+02, 0., 0., 1. ]
distortionCoefficients: !!opencv-matrix
   rows: 1
   cols: 5
   dt: d
   data: [ 3.9568242316302557e-02, -2.0499461923186763e-02,
       2.8992684454356966e-03, 7.1153731148769104e-04,
       -3.5538391346355759e-02 ]
rotation: !!opencv-matrix
   rows: 3
   cols: 3
   dt: d
   data: [ 1., 0., 0., 0., 1., 0., 0., 0., 1. ]
projection: !!opencv-matrix
   rows: 4
   cols: 4
   dt: d
   data: [ 1.0528956797715402e+03, 0., 9.5062915972535814e+02, 0., 0.,
       1.0537905924488750e+03, 5.4137858786952802e+02, 0., 0., 0., 1.,
       0., 0., 0., 0., 1. ]
