%YAML:1.0
depthShift: -9.9478673823896564e+00
