%YAML:1.0
cameraMatrix: !!opencv-matrix
   rows: 3
   cols: 3
   dt: d
   data: [ 3.6036841385806991e+02, 0., 2.5126487349630355e+02, 0.,
       3.6059485673122816e+02, 2.0939724348673525e+02, 0., 0., 1. ]
distortionCoefficients: !!opencv-matrix
   rows: 1
   cols: 5
   dt: d
   data: [ 1.0996459257775050e-01, -3.4004666736886990e-01,
       2.0981485458495095e-03, -7.0413654044623514e-04,
       1.8142813758029772e-01 ]
rotation: !!opencv-matrix
   rows: 3
   cols: 3
   dt: d
   data: [ 1., 0., 0., 0., 1., 0., 0., 0., 1. ]
projection: !!opencv-matrix
   rows: 4
   cols: 4
   dt: d
   data: [ 3.6036841385806991e+02, 0., 2.5126487349630355e+02, 0., 0.,
       3.6059485673122816e+02, 2.0939724348673525e+02, 0., 0., 0., 1.,
       0., 0., 0., 0., 1. ]
