%YAML:1.0
cameraMatrix: !!opencv-matrix
   rows: 3
   cols: 3
   dt: d
   data: [ 1.0737477018979746e+03, 0., 9.6392217498829223e+02, 0.,
       1.0741966595658816e+03, 5.5783416863137745e+02, 0., 0., 1. ]
distortionCoefficients: !!opencv-matrix
   rows: 1
   cols: 5
   dt: d
   data: [ 2.5988681999452382e-02, 1.0558326463326140e-01,
       2.9992663306755056e-03, -7.3909009756986264e-04,
       -2.3631420953563095e-01 ]
rotation: !!opencv-matrix
   rows: 3
   cols: 3
   dt: d
   data: [ 1., 0., 0., 0., 1., 0., 0., 0., 1. ]
projection: !!opencv-matrix
   rows: 4
   cols: 4
   dt: d
   data: [ 1.0737477018979746e+03, 0., 9.6392217498829223e+02, 0., 0.,
       1.0741966595658816e+03, 5.5783416863137745e+02, 0., 0., 0., 1.,
       0., 0., 0., 0., 1. ]
