%YAML:1.0
depthShift: 1.9621343267905502e+01
