%YAML:1.0
cameraMatrix: !!opencv-matrix
   rows: 3
   cols: 3
   dt: d
   data: [ 3.6832087102158380e+02, 0., 2.4663093396852585e+02, 0.,
       3.6838422879313276e+02, 2.0268350260048874e+02, 0., 0., 1. ]
distortionCoefficients: !!opencv-matrix
   rows: 1
   cols: 5
   dt: d
   data: [ 1.0548394719196200e-01, -3.3639376709538565e-01,
       2.2860760940725247e-03, 2.2181440771676811e-03,
       1.7335813381987608e-01 ]
rotation: !!opencv-matrix
   rows: 3
   cols: 3
   dt: d
   data: [ 1., 0., 0., 0., 1., 0., 0., 0., 1. ]
projection: !!opencv-matrix
   rows: 4
   cols: 4
   dt: d
   data: [ 3.6832087102158380e+02, 0., 2.4663093396852585e+02, 0., 0.,
       3.6838422879313276e+02, 2.0268350260048874e+02, 0., 0., 0., 1.,
       0., 0., 0., 0., 1. ]
