%YAML:1.0
rotation: !!opencv-matrix
   rows: 3
   cols: 3
   dt: d
   data: [ 9.9972827228468697e-01, -1.0860162260344416e-02,
       -2.0626159854752996e-02, 1.0309657747715813e-02,
       9.9959270006611811e-01, -2.6610992684465613e-02,
       2.0906758519670054e-02, 2.6391113091469066e-02,
       9.9943304758147433e-01 ]
translation: !!opencv-matrix
   rows: 3
   cols: 1
   dt: d
   data: [ -5.8612049585896261e-02, -8.6503984655615929e-03,
       8.9534044965599822e-03 ]
essential: !!opencv-matrix
   rows: 3
   cols: 3
   dt: d
   data: [ -2.7315832785481379e-04, -9.1780514196914218e-03,
       -8.4072351196713118e-03, 1.0176359575447120e-02,
       1.4496018035290419e-03, 5.8394144990238483e-02,
       8.0437777414272601e-03, -5.8682121632927874e-02,
       1.3813003211938376e-03 ]
fundamental: !!opencv-matrix
   rows: 3
   cols: 3
   dt: d
   data: [ -2.0241480028171494e-07, -6.8110931522910732e-06,
       -8.6767269097918413e-04, 7.5260277614747228e-06,
       1.0736447559950325e-06, 1.3917359936923990e-02,
       2.1573953912683965e-03, -4.0789074662695227e-02, 1. ]
