%YAML:1.0
depthShift: -8.0645917113352770e+00
