%YAML:1.0
cameraMatrix: !!opencv-matrix
   rows: 3
   cols: 3
   dt: d
   data: [ 1.0532784398063063e+03, 0., 9.4819532159461960e+02, 0.,
       1.0533558037888897e+03, 5.3806030246864157e+02, 0., 0., 1. ]
distortionCoefficients: !!opencv-matrix
   rows: 1
   cols: 5
   dt: d
   data: [ 4.9786017013290711e-02, -4.2368130657597945e-02,
       -1.3850763655837671e-03, -1.1583211835036412e-03,
       1.5132295840583954e-03 ]
rotation: !!opencv-matrix
   rows: 3
   cols: 3
   dt: d
   data: [ 1., 0., 0., 0., 1., 0., 0., 0., 1. ]
projection: !!opencv-matrix
   rows: 4
   cols: 4
   dt: d
   data: [ 1.0532784398063063e+03, 0., 9.4819532159461960e+02, 0., 0.,
       1.0533558037888897e+03, 5.3806030246864157e+02, 0., 0., 0., 1.,
       0., 0., 0., 0., 1. ]
