%YAML:1.0
rotation: !!opencv-matrix
   rows: 3
   cols: 3
   dt: d
   data: [ 9.9994986166425748e-01, 9.5298657199195599e-03,
       -3.0750312181537982e-03, -9.5280726899289042e-03,
       9.9995442854277938e-01, 5.9721729631519280e-04,
       3.0805824851396816e-03, -5.6788823186352871e-04,
       9.9999509374521856e-01 ]
translation: !!opencv-matrix
   rows: 3
   cols: 1
   dt: d
   data: [ -5.3521821897770973e-02, 1.6653401003961217e-03,
       2.9191117587153557e-02 ]
essential: !!opencv-matrix
   rows: 3
   cols: 3
   dt: d
   data: [ 2.8326530781574223e-04, -2.9190733032432279e-02,
       1.6478984894914726e-03, 2.9354532380210310e-02,
       2.4779301801631582e-04, 5.3431795708203084e-02,
       -1.1552967934756520e-03, -5.3535253297888760e-02,
       -2.6843184970088603e-05 ]
fundamental: !!opencv-matrix
   rows: 3
   cols: 3
   dt: d
   data: [ -6.0242736110577651e-07, 6.2115195003294081e-05,
       -1.3983938979228417e-02, -6.2424427512018933e-05,
       -5.2724202469656981e-07, -2.4652582662590971e-02,
       3.6747228560016505e-02, 6.1373824048352274e-02, 1. ]
